<?xml version="1.0"?>
<opencv_storage>
<intrinsicMat type_id="opencv-matrix">
  <rows>3</rows>
  <cols>3</cols>
  <dt>d</dt>
  <data>
    1.1234398757454685e+03 0. 3.2763839591780823e+02 0.
    1.1215206113652905e+03 2.5093020563765037e+02 0. 0. 1.</data></intrinsicMat>
<distCoeffs type_id="opencv-matrix">
  <rows>1</rows>
  <cols>5</cols>
  <dt>d</dt>
  <data>
    -1.9416164307152803e-01 7.4855911413038578e-01
    9.3947738490947872e-04 -6.4502236024838188e-04
    -5.0502810086819103e+00</data></distCoeffs>
</opencv_storage>
