<?xml version="1.0"?>
<opencv_storage>
<datasize>320</datasize>
<data>
  <_>
    -8.0867218017578125e+01 -6.5771362304687500e+01
    8.4402459716796875e+02</_>
  <_>
    -8.0028991699218750e+01 -6.5314834594726562e+01
    8.4310864257812500e+02</_>
  <_>
    -7.9209403991699219e+01 -6.4950088500976562e+01
    8.4237365722656250e+02</_>
  <_>
    -7.8454940795898438e+01 -6.4932991027832031e+01
    8.4232373046875000e+02</_>
  <_>
    -7.7631500244140625e+01 -6.4535980224609375e+01
    8.4152520751953125e+02</_>
  <_>
    -7.6875396728515625e+01 -6.4505058288574219e+01
    8.4144812011718750e+02</_>
  <_>
    -7.6125602722167969e+01 -6.4508796691894531e+01
    8.4143927001953125e+02</_>
  <_>
    -7.5382560729980469e+01 -6.4550666809082031e+01
    8.4150561523437500e+02</_>
  <_>
    -7.4635162353515625e+01 -6.4568267822265625e+01
    8.4152410888671875e+02</_>
  <_>
    -7.3881729125976562e+01 -6.4551208496093750e+01
    8.4147436523437500e+02</_>
  <_>
    -7.3122451782226562e+01 -6.4499488830566406e+01
    8.4135626220703125e+02</_>
  <_>
    -7.2373367309570312e+01 -6.4506698608398438e+01
    8.4135430908203125e+02</_>
  <_>
    -7.1628364562988281e+01 -6.4538162231445312e+01
    8.4140008544921875e+02</_>
  <_>
    -7.0935668945312500e+01 -6.4885292053222656e+01
    8.4206793212890625e+02</_>
  <_>
    -7.0180824279785156e+01 -6.4861259460449219e+01
    8.4200439453125000e+02</_>
  <_>
    -6.9432586669921875e+01 -6.4877151489257812e+01
    8.4201953125000000e+02</_>
  <_>
    -6.8681251525878906e+01 -6.4873947143554688e+01
    8.4199700927734375e+02</_>
  <_>
    -6.7936302185058594e+01 -6.4910659790039062e+01
    8.4205316162109375e+02</_>
  <_>
    -6.7249153137207031e+01 -6.5315742492675781e+01
    8.4283502197265625e+02</_>
  <_>
    -6.6442588806152344e+01 -6.4961532592773438e+01
    8.4212103271484375e+02</_>
  <_>
    -6.5689376831054688e+01 -6.4946166992187500e+01
    8.4207458496093750e+02</_>
  <_>
    -6.4996429443359375e+01 -6.5326950073242188e+01
    8.4280853271484375e+02</_>
  <_>
    -6.4245292663574219e+01 -6.5328948974609375e+01
    8.4279626464843750e+02</_>
  <_>
    -6.3441051483154297e+01 -6.4973007202148438e+01
    8.4207891845703125e+02</_>
  <_>
    -6.2744102478027344e+01 -6.5339897155761719e+01
    8.4278546142578125e+02</_>
  <_>
    -6.1992008209228516e+01 -6.5334938049316406e+01
    8.4275952148437500e+02</_>
  <_>
    -6.1189723968505859e+01 -6.4979003906250000e+01
    8.4204217529296875e+02</_>
  <_>
    -6.0438587188720703e+01 -6.4975799560546875e+01
    8.4201971435546875e+02</_>
  <_>
    -5.9738437652587891e+01 -6.5337448120117188e+01
    8.4271588134765625e+02</_>
  <_>
    -5.8986499786376953e+01 -6.5332489013671875e+01
    8.4268994140625000e+02</_>
  <_>
    -5.8235080718994141e+01 -6.5331008911132812e+01
    8.4267083740234375e+02</_>
  <_>
    -5.7483695983886719e+01 -6.5329528808593750e+01
    8.4265173339843750e+02</_>
  <_>
    -5.6732807159423828e+01 -6.5331520080566406e+01
    8.4263946533203125e+02</_>
  <_>
    -5.5981029510498047e+01 -6.5326560974121094e+01
    8.4261352539062500e+02</_>
  <_>
    -5.5229297637939453e+01 -6.5321601867675781e+01
    8.4258758544921875e+02</_>
  <_>
    -5.4432266235351562e+01 -6.4960548400878906e+01
    8.4186029052734375e+02</_>
  <_>
    -5.3727066040039062e+01 -6.5320381164550781e+01
    8.4255279541015625e+02</_>
  <_>
    -5.2976749420166016e+01 -6.5325851440429688e+01
    8.4254736328125000e+02</_>
  <_>
    -5.2225170135498047e+01 -6.5320899963378906e+01
    8.4252142333984375e+02</_>
  <_>
    -5.1474266052246094e+01 -6.5321151733398438e+01
    8.4250573730468750e+02</_>
  <_>
    -5.0722976684570312e+01 -6.5317939758300781e+01
    8.4248321533203125e+02</_>
  <_>
    -4.9972133636474609e+01 -6.5318191528320312e+01
    8.4246752929687500e+02</_>
  <_>
    -4.9221717834472656e+01 -6.5321929931640625e+01
    8.4245874023437500e+02</_>
  <_>
    -4.8470527648925781e+01 -6.5318710327148438e+01
    8.4243621826171875e+02</_>
  <_>
    -4.7719383239746094e+01 -6.5315490722656250e+01
    8.4241369628906250e+02</_>
  <_>
    -4.6968082427978516e+01 -6.5310531616210938e+01
    8.4238775634765625e+02</_>
  <_>
    -4.6217205047607422e+01 -6.5309051513671875e+01
    8.4236865234375000e+02</_>
  <_>
    -4.5428527832031250e+01 -6.4951576232910156e+01
    8.4164862060546875e+02</_>
  <_>
    -4.4715190887451172e+01 -6.5302619934082031e+01
    8.4232360839843750e+02</_>
  <_>
    -4.4000888824462891e+01 -6.5655967712402344e+01
    8.4300317382812500e+02</_>
  <_>
    -4.3251464843750000e+01 -6.5673622131347656e+01
    8.4302178955078125e+02</_>
  <_>
    -4.2463680267333984e+01 -6.5305130004882812e+01
    8.4228002929687500e+02</_>
  <_>
    -4.1713340759277344e+01 -6.5307121276855469e+01
    8.4226782226562500e+02</_>
  <_>
    -4.0962524414062500e+01 -6.5303909301757812e+01
    8.4224530029296875e+02</_>
  <_>
    -4.0211257934570312e+01 -6.5295478820800781e+01
    8.4221252441406250e+02</_>
  <_>
    -3.9461170196533203e+01 -6.5299209594726562e+01
    8.4220373535156250e+02</_>
  <_>
    -3.8710628509521484e+01 -6.5297729492187500e+01
    8.4218463134765625e+02</_>
  <_>
    -3.7960426330566406e+01 -6.5299728393554688e+01
    8.4217236328125000e+02</_>
  <_>
    -3.7209796905517578e+01 -6.5296508789062500e+01
    8.4214990234375000e+02</_>
  <_>
    -3.6459648132324219e+01 -6.5298507690429688e+01
    8.4213763427734375e+02</_>
  <_>
    -3.5713005065917969e+01 -6.5342201232910156e+01
    8.4220751953125000e+02</_>
  <_>
    -3.4959564208984375e+01 -6.5304229736328125e+01
    8.4211657714843750e+02</_>
  <_>
    -3.4208503723144531e+01 -6.5294067382812500e+01
    8.4208038330078125e+02</_>
  <_>
    -3.3459144592285156e+01 -6.5304748535156250e+01
    8.4208526611328125e+02</_>
  <_>
    -3.2710037231445312e+01 -6.5318908691406250e+01
    8.4209698486328125e+02</_>
  <_>
    -3.1984945297241211e+01 -6.5654769897460938e+01
    8.4274188232421875e+02</_>
  <_>
    -3.1235235214233398e+01 -6.5668945312500000e+01
    8.4275360107421875e+02</_>
  <_>
    -3.0490461349487305e+01 -6.5752746582031250e+01
    8.4290240478515625e+02</_>
  <_>
    -2.9735752105712891e+01 -6.5697288513183594e+01
    8.4277703857421875e+02</_>
  <_>
    -2.8985980987548828e+01 -6.5711463928222656e+01
    8.4278875732421875e+02</_>
  <_>
    -2.8235155105590820e+01 -6.5709976196289062e+01
    8.4276965332031250e+02</_>
  <_>
    -2.7482910156250000e+01 -6.5685859680175781e+01
    8.4270599365234375e+02</_>
  <_>
    -2.6731431961059570e+01 -6.5672187805175781e+01
    8.4266296386718750e+02</_>
  <_>
    -2.5980451583862305e+01 -6.5665481567382812e+01
    8.4263354492187500e+02</_>
  <_>
    -2.5233421325683594e+01 -6.5724899291992188e+01
    8.4273431396484375e+02</_>
  <_>
    -2.4482927322387695e+01 -6.5726890563964844e+01
    8.4272204589843750e+02</_>
  <_>
    -2.3732069015502930e+01 -6.5721923828125000e+01
    8.4269610595703125e+02</_>
  <_>
    -2.2983219146728516e+01 -6.5753501892089844e+01
    8.4274206542968750e+02</_>
  <_>
    -2.2233566284179688e+01 -6.5771156311035156e+01
    8.4276068115234375e+02</_>
  <_>
    -2.1483091354370117e+01 -6.5773147583007812e+01
    8.4274841308593750e+02</_>
  <_>
    -2.0733062744140625e+01 -6.5783843994140625e+01
    8.4275329589843750e+02</_>
  <_>
    -1.9999036788940430e+01 -6.6137756347656250e+01
    8.4343353271484375e+02</_>
  <_>
    -1.9231647491455078e+01 -6.5775634765625000e+01
    8.4270477294921875e+02</_>
  <_>
    -1.8496753692626953e+01 -6.6136497497558594e+01
    8.4339868164062500e+02</_>
  <_>
    -1.7745765686035156e+01 -6.6138488769531250e+01
    8.4338641357421875e+02</_>
  <_>
    -1.6994524002075195e+01 -6.6133499145507812e+01
    8.4336041259765625e+02</_>
  <_>
    -1.6243526458740234e+01 -6.6133743286132812e+01
    8.4334466552734375e+02</_>
  <_>
    -1.5492431640625000e+01 -6.6130500793457031e+01
    8.4332214355468750e+02</_>
  <_>
    -1.4741497039794922e+01 -6.6130737304687500e+01
    8.4330639648437500e+02</_>
  <_>
