<?xml version="1.0"?>
<opencv_storage>
<plane_a>9.7666247411634273e-03</plane_a>
<plane_b>8.9134970326495577e-01</plane_b>
<plane_c>4.5321112026365878e-01</plane_c>
<plane_d>-3.2310625287571742e+02</plane_d>
</opencv_storage>
