<?xml version="1.0"?>
<opencv_storage>
<plane_a>9.9357434995469474e-01</plane_a>
<plane_b>-2.4496353271219386e-02</plane_b>
<plane_c>1.1049859631921764e-01</plane_c>
<plane_d>6.3378806750244987e+00</plane_d>
</opencv_storage>
