<?xml version="1.0"?>
<opencv_storage>
<plane_a>-4.6286780875248526e-02</plane_a>
<plane_b>9.9813416389317899e-01</plane_b>
<plane_c>3.9821160021663839e-02</plane_c>
<plane_d>3.0488390030519728e+01</plane_d>
</opencv_storage>
