<?xml version="1.0"?>
<opencv_storage>
<plane_a>-2.1549834733714451e-02</plane_a>
<plane_b>-1.9667427903057784e+00</plane_b>
<plane_c>-1.</plane_c>
<plane_d>7.1292657754679112e+02</plane_d>
</opencv_storage>
