<?xml version="1.0"?>
<opencv_storage>
<plane_a>2.1070427634486241e-03</plane_a>
<plane_b>9.1567527161681039e-01</plane_b>
<plane_c>4.0191337041739955e-01</plane_c>
<plane_d>2.8322509541682734e+02</plane_d>
</opencv_storage>
