<?xml version="1.0"?>
<opencv_storage>
<plane_a>-1.3351580864298425e-02</plane_a>
<plane_b>-1.9523730191917275e+00</plane_b>
<plane_c>-1.</plane_c>
<plane_d>7.1270445359031316e+02</plane_d>
</opencv_storage>
