<?xml version="1.0"?>
<opencv_storage>
<plane_a>-3.1558932539879923e-02</plane_a>
<plane_b>9.9874721254456078e-01</plane_b>
<plane_c>3.8833480547248195e-02</plane_c>
<plane_d>1.4746824010137340e+01</plane_d>
</opencv_storage>
