<?xml version="1.0"?>
<opencv_storage>
<plane_a>-6.0257964008665310e-01</plane_a>
<plane_b>5.0893999603066609e-01</plane_b>
<plane_c>6.1471770577505369e-01</plane_c>
<plane_d>4.3582471345833892e+02</plane_d>
</opencv_storage>
