<?xml version="1.0"?>
<opencv_storage>
<plane_a>9.9300468514561302e-01</plane_a>
<plane_b>-3.5289515713678846e-02</plane_b>
<plane_c>1.1267806068421635e-01</plane_c>
<plane_d>6.5037022265384854e+00</plane_d>
</opencv_storage>
