<?xml version="1.0"?>
<opencv_storage>
<plane_a>8.9093846268765986e-01</plane_a>
<plane_b>-1.1047311826462891e-01</plane_b>
<plane_c>4.4048194724033668e-01</plane_c>
<plane_d>-1.2942767010510963e+02</plane_d>
</opencv_storage>
