<?xml version="1.0"?>
<opencv_storage>
<plane_a>9.9522917275530424e-03</plane_a>
<plane_b>-1.1367471441512532e-01</plane_b>
<plane_c>9.9346817321543279e-01</plane_c>
<plane_d>-8.6499397562998138e+02</plane_d>
</opencv_storage>
