<?xml version="1.0"?>
<opencv_storage>
<plane_a>9.4565399340720946e-01</plane_a>
<plane_b>-2.6196685377246193e-01</plane_b>
<plane_c>1.9264447118345970e-01</plane_c>
<plane_d>1.5857258090518130e+01</plane_d>
</opencv_storage>
