<?xml version="1.0"?>
<opencv_storage>
<intrinsicMat type_id="opencv-matrix">
  <rows>3</rows>
  <cols>3</cols>
  <dt>d</dt>
  <data>
    1.1180830030989450e+03 0. 3.2151017729486995e+02 0.
    1.1157416097145833e+03 2.4784390556353350e+02 0. 0. 1.</data></intrinsicMat>
<distCoeffs type_id="opencv-matrix">
  <rows>1</rows>
  <cols>5</cols>
  <dt>d</dt>
  <data>
    -2.0108617038299187e-01 2.6933897002291080e-01
    1.3327536151733306e-03 -1.9789929907623022e-03
    -3.7130370995027140e-01</data></distCoeffs>
</opencv_storage>
