<?xml version="1.0"?>
<opencv_storage>
<intrinsicMat type_id="opencv-matrix">
  <rows>3</rows>
  <cols>3</cols>
  <dt>d</dt>
  <data>
    1.1001358351358740e+03 0. 3.3538695017891604e+02 0.
    1.0979085391544986e+03 2.1352754189167555e+02 0. 0. 1.</data></intrinsicMat>
<distCoeffs type_id="opencv-matrix">
  <rows>1</rows>
  <cols>5</cols>
  <dt>d</dt>
  <data>
    -2.0437433646532607e-01 1.2410577165111707e+00
    -2.5874896283737906e-03 2.3157735611471257e-04
    -1.0203996281509996e+01</data></distCoeffs>
</opencv_storage>
