<?xml version="1.0"?>
<opencv_storage>
<intrinsicMat type_id="opencv-matrix">
  <rows>3</rows>
  <cols>3</cols>
  <dt>d</dt>
  <data>
    1.1122301520955166e+003 0. 3.3658762198308011e+002 0.
    1.1096739136364920e+003 2.0965438892898644e+002 0. 0. 1.</data></intrinsicMat>
<distCoeffs type_id="opencv-matrix">
  <rows>1</rows>
  <cols>5</cols>
  <dt>d</dt>
  <data>
    -1.9990596545251244e-001 1.0421878838125787e+000
    -2.2895232236650707e-003 3.6680824806059961e-004
    -8.4338949456385777e+000</data></distCoeffs>
</opencv_storage>
