<?xml version="1.0"?>
<opencv_storage>
<intrinsicMat type_id="opencv-matrix">
  <rows>3</rows>
  <cols>3</cols>
  <dt>d</dt>
  <data>
    1.1085817779090121e+03 0. 3.1553919971770102e+02 0.
    1.1059483721626893e+03 2.4531381595503902e+02 0. 0. 1.</data></intrinsicMat>
<distCoeffs type_id="opencv-matrix">
  <rows>1</rows>
  <cols>5</cols>
  <dt>d</dt>
  <data>
    -1.8688785570199987e-01 -3.5973592764454737e-01
    8.7757791874995875e-04 -2.3916235856412831e-03
    5.5676396521011080e+00</data></distCoeffs>
</opencv_storage>
