<?xml version="1.0"?>
<opencv_storage>
<intrinsicMat type_id="opencv-matrix">
  <rows>3</rows>
  <cols>3</cols>
  <dt>d</dt>
  <data>
    1.0632695219646987e+03 0. 3.4448502759417192e+02 0.
    1.0620547722162466e+03 2.2842047207757773e+02 0. 0. 1.</data></intrinsicMat>
<distCoeffs type_id="opencv-matrix">
  <rows>1</rows>
  <cols>5</cols>
  <dt>d</dt>
  <data>
    -1.7335042051652622e-01 -7.1557824482648649e-02
    3.1979603379487501e-04 2.0471184823560706e-03 1.0414021232652231e+00</data></distCoeffs>
</opencv_storage>
