<?xml version="1.0"?>
<opencv_storage>
<plane_a>9.9350040865171518e-01</plane_a>
<plane_b>-3.4138304245511952e-02</plane_b>
<plane_c>1.0858873879052004e-01</plane_c>
<plane_d>6.5157746949275408e+00</plane_d>
</opencv_storage>
