<?xml version="1.0"?>
<opencv_storage>
<plane_a>7.1443377493378944e-03</plane_a>
<plane_b>9.1765863640076539e-01</plane_b>
<plane_c>3.9730540579912987e-01</plane_c>
<plane_d>2.7937437334356071e+02</plane_d>
</opencv_storage>
