<?xml version="1.0"?>
<opencv_storage>
<plane_a>9.7126728528149719e-01</plane_a>
<plane_b>3.0230299147700696e-03</plane_b>
<plane_c>2.3797210305421440e-01</plane_c>
<plane_d>-1.6207341770262767e+02</plane_d>
</opencv_storage>
