<?xml version="1.0"?>
<opencv_storage>
<plane_a>8.9369361197922081e-01</plane_a>
<plane_b>-1.0754529519802446e-01</plane_b>
<plane_c>4.3559813749407150e-01</plane_c>
<plane_d>-1.2831724782845370e+02</plane_d>
</opencv_storage>
