<?xml version="1.0"?>
<opencv_storage>
<plane_a>9.1957681662544799e-01</plane_a>
<plane_b>1.2183988616355858e-02</plane_b>
<plane_c>3.9272131180571795e-01</plane_c>
<plane_d>-1.2420276999272788e+02</plane_d>
</opencv_storage>
