<?xml version="1.0"?>
<opencv_storage>
<a>6.9678329364185040e-315</a>
<b>6.9532698134342722e-310</b>
<c>6.9532698134911885e-310</c>
<d>6.9678322941331644e-315</d>
</opencv_storage>
