<?xml version="1.0"?>
<opencv_storage>
<plane_a>9.9381779167222506e-01</plane_a>
<plane_b>-2.5135311475419572e-02</plane_b>
<plane_c>1.0814070959992628e-01</plane_c>
<plane_d>6.2958595686222498e+00</plane_d>
</opencv_storage>
