<?xml version="1.0"?>
<opencv_storage>
<plane_a>7.0319531613069847e-315</plane_a>
<plane_b>6.9532615622312707e-310</plane_b>
<plane_c>6.9532615623079497e-310</plane_c>
<plane_d>6.9677895080482345e-315</plane_d>
</opencv_storage>
