<?xml version="1.0"?>
<opencv_storage>
<plane_a>-2.2978645943984431e-02</plane_a>
<plane_b>-1.9571536831220906e+00</plane_b>
<plane_c>-1.</plane_c>
<plane_d>7.1315338523900652e+02</plane_d>
</opencv_storage>
