<?xml version="1.0"?>
<opencv_storage>
<plane_a>9.8349580332334197e-01</plane_a>
<plane_b>-1.4130304617213482e-01</plane_b>
<plane_c>1.1300200877794112e-01</plane_c>
<plane_d>5.5498962890702170e+00</plane_d>
</opencv_storage>
