<?xml version="1.0"?>
<opencv_storage>
<plane_a>-1.9667427903057779e+00</plane_a>
<plane_b>7.1292657754679112e+02</plane_b>
<plane_c>-1.</plane_c>
<plane_d>-2.1549834733714444e-02</plane_d>
</opencv_storage>
