<?xml version="1.0"?>
<opencv_storage>
<plane_a>9.6229051127700227e-01</plane_a>
<plane_b>-2.4375027865995627e-01</plane_b>
<plane_c>1.2075915517855802e-01</plane_c>
<plane_d>6.1153064391956020e+00</plane_d>
</opencv_storage>
