<?xml version="1.0"?>
<opencv_storage>
<plane_a>9.9342989275553362e-01</plane_a>
<plane_b>-3.3932253955636371e-02</plane_b>
<plane_c>1.0929615876698918e-01</plane_c>
<plane_d>6.3894568892957277e+00</plane_d>
</opencv_storage>
