<?xml version="1.0"?>
<opencv_storage>
<plane_a>6.0865703864152109e-03</plane_a>
<plane_b>8.9002612669064218e-01</plane_b>
<plane_c>4.5586889285076698e-01</plane_c>
<plane_d>-3.2489979018802688e+02</plane_d>
</opencv_storage>
