<?xml version="1.0"?>
<opencv_storage>
<plane_a>-1.0017725777137880e-02</plane_a>
<plane_b>1.1442209975140810e-01</plane_b>
<plane_c>-1.</plane_c>
<plane_d>8.7068111385315660e+02</plane_d>
</opencv_storage>
