<?xml version="1.0"?>
<opencv_storage>
<plane_a>-1.1117719342850106e-01</plane_a>
<plane_b>9.0945872257520699e-01</plane_b>
<plane_c>4.0065504313964945e-01</plane_c>
<plane_d>-2.3578296595931496e+02</plane_d>
</opencv_storage>
