<?xml version="1.0"?>
<opencv_storage>
<plane_a>9.9341123708436962e-01</plane_a>
<plane_b>-3.6070065199217634e-02</plane_b>
<plane_c>1.0877988982816029e-01</plane_c>
<plane_d>6.5286392897016272e+00</plane_d>
</opencv_storage>
