<?xml version="1.0"?>
<opencv_storage>
<plane_a>9.4858097872147695e-01</plane_a>
<plane_b>-8.1342538739859246e-03</plane_b>
<plane_c>3.1643002500034417e-01</plane_c>
<plane_d>-1.2272789964168581e+02</plane_d>
</opencv_storage>
