<?xml version="1.0"?>
<opencv_storage>
<plane_a>-4.7235083424678616e-02</plane_a>
<plane_b>9.9811714297659793e-01</plane_b>
<plane_c>3.9128196867437376e-02</plane_c>
<plane_d>1.5093175322446090e+01</plane_d>
</opencv_storage>
