<?xml version="1.0"?>
<opencv_storage>
<plane_a>-7.9897518681866564e-02</plane_a>
<plane_b>-9.8997270797204329e-01</plane_b>
<plane_c>1.1649216273629839e-01</plane_c>
<plane_d>-2.9478739896023427e+01</plane_d>
</opencv_storage>
