<?xml version="1.0"?>
<opencv_storage>
<plane_a>-1.1207915094203159e-01</plane_a>
<plane_b>9.0678491759678304e-01</plane_b>
<plane_c>4.0642265825505941e-01</plane_c>
<plane_d>-2.3838401422394179e+02</plane_d>
</opencv_storage>
