<?xml version="1.0"?>
<opencv_storage>
<plane_a>8.9877711057220633e-01</plane_a>
<plane_b>-1.0663051055945399e-01</plane_b>
<plane_c>4.2524068447093105e-01</plane_c>
<plane_d>-1.2391953342566754e+02</plane_d>
</opencv_storage>
